750
895
372 188
672
100
550
226 813
662 95
400
942
978
206 979
678
368 684
431
508
878
998
619 97
554
245
106
457
41
829
26 825
948
859
343 37
210
446
808 221
169 32
369
512 257
208
540
159
412
610
862 675
578 395
35
572 0
379
262 934
349
765 190
777
454 67
786
943 589
339 487
511 700
425
181
863
171 793
874
328
736
588
928 86
274
839
119 545
337 31
720 297
491
973 996
873 91
773 105
178
341 769
42
179
748
855
629
509
933
718
27 452
364
204 980
723
358
677
309
21
821
65 608
664 64
616
875
591
914
657 564
614
2 698
734
912 957
844
691
269 609
450
329
766
164
607 834
488
658
694
68 419
73
453
820
796 527
626
265
645
889
110
682
76 236
193
819
225
656
280 88
389
479
960 66
757
945 801
940 861
574
282
535 751
160 82
447 670
275
803
22
746
538
573 981
260
432 517
315
665 758
7
121
29
767
108 10
576
856 571
276
444 157
952 438
547 582
689 651
166
642
997
385 248
831
213
228
401 846
503 484
938
25
261
351
595 726
570
397
378
326
593
383 345
845
740 744
437 553
99 18
355 598
927 285
776
30 956
809
635 398
592
455 563
211
549
34
331 701
268
440
478 51
888
858 618
39
52 199
916 414
905
516
699 847
738
669
28
272
396
872 153
16
971
387
456
639
587 195
429
864
504
901 116
728
706
613
139
321 853
469 542
415 252
168 915
539
111
416
779
33
850
586 465
94 995
89
293
316
745
129 180
565
317
314
238 40
584
140
332
301
805 990
727
405 46
640
107
925
724
924
569
120
13
367
854
500
953 637
305
352
648
654
279
287
380
38
80 69
546
304 6
714 752
667
624 632
680
467
340
529 868
842
296
817 911
627
209
461 182
806 731
923
376 118
338 475
791
967 53
142
602
887
299
462
649
348
763 410
60
439
354
229
24
117 770
838 781
785
674 330
557
707
77
681 518
976
158 737
263 835
72 306
787
81
205
693
312
575
407 130
460
783 599
184
941 295
149
755
63
423
493
497
448
690
826
944
906
519
56
904 685
807
869
697 695
962
83
327 833
541
109
57 630
768
11
703 534
134 837
15 668
712
132
246 892
926
830
391
489
650
964
655
486
507
388 544
3
19
36 974
264 101
530
404
357
167
760 528
963
61 510
451
344 521
792
156 155
283
646
473
908
303
353 840
679
90
187
277
919 191
177
606
174
741
411
899
286
921
711 750
936
499
359 84
605
999 949
931
754
870
896
292
442
747
189
800 365
922
536
775
532
324 660
947 958
733
212
8 144
127
581 633
98
244 683
601 857
797 789
270 163
628 985
216
147 214
696 71
583 413
917
666 580
702
239
233
652
113
935
890
636 903
443 710
621
170
284
556
929 458
5
567
79 310
250 151
506
175 470
719
824 449
732
70
876 661
815
399 20
162 984
865
313
374
215 146
298
480
342
566 920
334
843
600 818
688
705 394
579 558
128 676
634 426
441
686 403
604
625 373
526
247
242 291
659 991
568 54
255
477
133 392
514
430
123 897
537 243
561
790
946 982
386 273
804
930 965
235
320
59 143
788 288
722
350 249
802
877
505
501 918
799
176
420
360
266 382
135
483
78
849
485
436
611
954
219
231 910
183 603
900
494 828
832 428
860
496 883
644
311
294
472
975
594
384 879
201
150 543
136
198 794
125
811
393
729
898 490
427 185
58 93
333
336 902
643 173
468
812
9
308
520
778
319
464 459
141
222
717 408
798 622
267
761
673 753
103
955
281
992
435
585 523
913
237 590
951
687
715 617
597
347
795 620
375 390
970
885 445
716 102
114 968
851
370
939
152 482
577 894
126 881
730
165 481
560
555
759 318
704
194
631 498
466 161
966
852
867
891 434
771
641
75
253 131
866 271
708
325
381
780
207 409
302
548 371
87
552 138
653 55
713
50
742
709 322
356
810 218
290 615
230
743
623
525 932
421
362
784
240
186
827
258
145
96 937
256 871
531
986
346
92
782 223
977 762
363 524
300
559
822
596
495 988
880
886
907
764
197
48
972
192
893
241
647
418 476
756
515
112
122
47 522
23
671
220
196
989
154
227 259
254
361
739
814 562
772
200 513
987
203
148
335 749
104 402
994
463
725
1
115 492
663
137 366
692
4
234 224
983
124 424
45
217
823
836
433
49 307
172 909
14
417 841
721 85
848
232
551
422 882
959
278
43
202
533
950
323
502
12 884
969
377
17
62
638
74
735 289
406
961 44
251
816 993
774 471
474 612
